ILS03:N032.13.05.927:W080.42.03.384:032
ILS21:N032.13.50.405:W080.41.37.853:212

AIRPORT_ALT:0



PERFAC:C172
PERFLINE:030:080:100:090:000:000:000:0700:0700
PERFLINE:050:080:105:090:000:000:000:0600:0800
PERFLINE:100:080:105:080:000:000:000:0550:0900
PERFLINE:150:070:100:080:000:000:000:0500:0900
PERFLINE:200:070:100:080:000:000:000:0000:0000
PERFLINE:250:070:100:080:000:000:000:0000:0000
PERFLINE:300:070:100:080:000:000:000:0000:0000
PERFLINE:350:070:100:080:000:000:000:0000:0000
PERFLINE:400:070:100:080:000:000:000:0000:0000

@N:N734YT:1200:1:32.221251:-80.697564:0:0:0:0:0
$FPN734YT:*A:V:C172:0::0000:0000:0::00:00:0:0::/v/:
DELAY:3:7

